327 454 823 592 677 271 98 99 519 480 
730 586 485 644 509 149 270 902 62 541 
703 327 159 626 20 381 839 299 417 985 
977 97 791 152 689 468 423 139 919 295 
971 649 881 456 294 743 606 916 997 20 
458 52 699 969 678 719 702 869 18 120 
855 348 569 646 852 258 467 628 749 386 
923 720 36 156 529 682 251 135 598 249 
507 408 301 207 377 980 926 80 201 297 
552 56 997 121 55 201 731 522 829 832 
908 104 552 296 261 81 978 864 568 929 
113 428 337 767 987 67 99 265 499 300 
562 403 709 911 876 764 113 959 638 942 
791 898 47 343 195 660 777 525 876 697 
454 990 477 792 757 464 211 856 730 710 
